# Tuning file for Max/MSP coll objects. - Created using Scale Workshop 1.2
# just 5/1 from 20hz on
#
# https://sevish.com/scaleworkshop/?name=just%205%2F1%20from%2020hz%20on&data=5%2F1&freq=20&midi=69&vert=5&horiz=1&colors=white%20black%20white%20white%20black%20white%20black%20white%20white%20black%20white%20black&waveform=sine&ampenv=organ
#
0, 0.0000000;
1, 0.0000000;
2, 0.0000000;
3, 0.0000000;
4, 0.0000000;
5, 0.0000000;
6, 0.0000000;
7, 0.0000000;
8, 0.0000000;
9, 0.0000000;
10, 0.0000000;
11, 0.0000000;
12, 0.0000000;
13, 0.0000000;
14, 0.0000000;
15, 0.0000000;
16, 0.0000000;
17, 0.0000000;
18, 0.0000000;
19, 0.0000000;
20, 0.0000000;
21, 0.0000000;
22, 0.0000000;
23, 0.0000000;
24, 0.0000000;
25, 0.0000000;
26, 0.0000000;
27, 0.0000000;
28, 0.0000000;
29, 0.0000000;
30, 0.0000000;
31, 0.0000000;
32, 0.0000000;
33, 0.0000000;
34, 0.0000000;
35, 0.0000000;
36, 0.0000000;
37, 0.0000000;
38, 0.0000000;
39, 0.0000000;
40, 0.0000000;
41, 0.0000000;
42, 0.0000000;
43, 0.0000000;
44, 0.0000000;
45, 0.0000000;
46, 0.0000000;
47, 0.0000000;
48, 0.0000000;
49, 0.0000000;
50, 0.0000000;
51, 0.0000000;
52, 0.0000000;
53, 0.0000000;
54, 0.0000000;
55, 0.0000000;
56, 0.0000000;
57, 0.0000001;
58, 0.0000004;
59, 0.0000020;
60, 0.0000102;
61, 0.0000512;
62, 0.0002560;
63, 0.0012800;
64, 0.0064000;
65, 0.0320000;
66, 0.1600000;
67, 0.8000000;
68, 4.0000000;
69, 20.0000000;
70, 100.0000000;
71, 500.0000000;
72, 2500.0000000;
73, 12500.0000000;
74, 62500.0000000;
75, 312500.0000000;
76, 1562500.0000000;
77, 7812500.0000000;
78, 39062500.0000000;
79, 195312500.0000000;
80, 976562500.0000000;
81, 4882812500.0000000;
82, 24414062500.0000000;
83, 122070312500.0000000;
84, 610351562500.0000000;
85, 3051757812500.0000000;
86, 15258789062500.0000000;
87, 76293945312500.0000000;
88, 381469726562500.0000000;
89, 1907348632812500.0000000;
90, 9536743164062500.0000000;
91, 47683715820312496.0000000;
92, 238418579101562496.0000000;
93, 1192092895507812352.0000000;
94, 5960464477539062784.0000000;
95, 29802322387695312896.0000000;
96, 149011611938476556288.0000000;
97, 745058059692382748672.0000000;
98, 3.7252902984619136e+21;
99, 1.862645149230957e+22;
100, 9.313225746154784e+22;
101, 4.656612873077393e+23;
102, 2.3283064365386964e+24;
103, 1.1641532182693481e+25;
104, 5.82076609134674e+25;
105, 2.9103830456733706e+26;
106, 1.4551915228366854e+27;
107, 7.275957614183425e+27;
108, 3.6379788070917135e+28;
109, 1.8189894035458565e+29;
110, 9.094947017729283e+29;
111, 4.547473508864641e+30;
112, 2.273736754432321e+31;
113, 1.1368683772161604e+32;
114, 5.684341886080802e+32;
115, 2.842170943040401e+33;
116, 1.4210854715202004e+34;
117, 7.105427357601002e+34;
118, 3.552713678800501e+35;
119, 1.7763568394002505e+36;
120, 8.881784197001252e+36;
121, 4.440892098500626e+37;
122, 2.2204460492503133e+38;
123, 1.1102230246251567e+39;
124, 5.551115123125783e+39;
125, 2.7755575615628915e+40;
126, 1.387778780781446e+41;
127, 6.938893903907229e+41;
