# Tuning file for Max/MSP coll objects. - Created using Scale Workshop 1.0.4
# 16edo
#
0, 18.6210138;
1, 19.4454365;
2, 20.3063595;
3, 21.2053988;
4, 22.1442421;
5, 23.1246514;
6, 24.1484672;
7, 25.2176112;
8, 26.3340902;
9, 27.5000000;
10, 29.9889626;
11, 31.3166875;
12, 32.7031957;
13, 34.1510898;
14, 35.6630878;
15, 37.2420275;
16, 38.8908730;
17, 40.6127190;
18, 42.4107977;
19, 44.2884841;
20, 46.2493028;
21, 48.2969344;
22, 50.4352224;
23, 52.6681804;
24, 55.0000000;
25, 59.9779253;
26, 62.6333749;
27, 65.4063913;
28, 68.3021797;
29, 71.3261755;
30, 74.4840551;
31, 77.7817459;
32, 81.2254380;
33, 84.8215954;
34, 88.5769683;
35, 92.4986057;
36, 96.5938688;
37, 100.8704448;
38, 105.3363609;
39, 110.0000000;
40, 119.9558506;
41, 125.2667498;
42, 130.8127827;
43, 136.6043593;
44, 142.6523510;
45, 148.9681102;
46, 155.5634919;
47, 162.4508761;
48, 169.6431908;
49, 177.1539365;
50, 184.9972114;
51, 193.1877376;
52, 201.7408895;
53, 210.6727218;
54, 220.0000000;
55, 239.9117012;
56, 250.5334996;
57, 261.6255653;
58, 273.2087187;
59, 285.3047020;
60, 297.9362203;
61, 311.1269837;
62, 324.9017521;
63, 339.2863816;
64, 354.3078730;
65, 369.9944227;
66, 386.3754753;
67, 403.4817790;
68, 421.3454435;
69, 440.0000000;
70, 479.8234024;
71, 501.0669993;
72, 523.2511306;
73, 546.4174373;
74, 570.6094040;
75, 595.8724407;
76, 622.2539674;
77, 649.8035042;
78, 678.5727632;
79, 708.6157461;
80, 739.9888454;
81, 772.7509506;
82, 806.9635580;
83, 842.6908870;
84, 880.0000000;
85, 959.6468047;
86, 1002.1339986;
87, 1046.5022612;
88, 1092.8348746;
89, 1141.2188081;
90, 1191.7448813;
91, 1244.5079349;
92, 1299.6070084;
93, 1357.1455264;
94, 1417.2314921;
95, 1479.9776908;
96, 1545.5019011;
97, 1613.9271160;
98, 1685.3817740;
99, 1760.0000000;
100, 1919.2936095;
101, 2004.2679972;
102, 2093.0045224;
103, 2185.6697492;
104, 2282.4376162;
105, 2383.4897626;
106, 2489.0158698;
107, 2599.2140169;
108, 2714.2910527;
109, 2834.4629842;
110, 2959.9553817;
111, 3091.0038023;
112, 3227.8542321;
113, 3370.7635481;
114, 3520.0000000;
115, 3838.5872190;
116, 4008.5359943;
117, 4186.0090448;
118, 4371.3394985;
119, 4564.8752324;
120, 4766.9795252;
121, 4978.0317396;
122, 5198.4280337;
123, 5428.5821054;
124, 5668.9259685;
125, 5919.9107634;
126, 6182.0076045;
127, 6455.7084642;
