0, 0.0000016;
1, 0.0000020;
2, 0.0000024;
3, 0.0000028;
4, 0.0000032;
5, 0.0000036;
6, 0.0000040;
7, 0.0000080;
8, 0.0000120;
9, 0.0000160;
10, 0.0000200;
11, 0.0000240;
12, 0.0000280;
13, 0.0000320;
14, 0.0000360;
15, 0.0000400;
16, 0.0000800;
17, 0.0001200;
18, 0.0001600;
19, 0.0002000;
20, 0.0002400;
21, 0.0002800;
22, 0.0003200;
23, 0.0003600;
24, 0.0004000;
25, 0.0008000;
26, 0.0012000;
27, 0.0016000;
28, 0.0020000;
29, 0.0024000;
30, 0.0028000;
31, 0.0032000;
32, 0.0036000;
33, 0.0040000;
34, 0.0080000;
35, 0.0120000;
36, 0.0160000;
37, 0.0200000;
38, 0.0240000;
39, 0.0280000;
40, 0.0320000;
41, 0.0360000;
42, 0.0400000;
43, 0.0800000;
44, 0.1200000;
45, 0.1600000;
46, 0.2000000;
47, 0.2400000;
48, 0.2800000;
49, 0.3200000;
50, 0.3600000;
51, 0.4000000;
52, 0.8000000;
53, 1.2000000;
54, 1.6000000;
55, 2.0000000;
56, 2.4000000;
57, 2.8000000;
58, 3.2000000;
59, 3.6000000;
60, 4.0000000;
61, 8.0000000;
62, 12.0000000;
63, 16.0000000;
64, 20.0000000;
65, 24.0000000;
66, 28.0000000;
67, 32.0000000;
68, 36.0000000;
69, 40.0000000;
70, 80.0000000;
71, 120.0000000;
72, 160.0000000;
73, 200.0000000;
74, 240.0000000;
75, 280.0000000;
76, 320.0000000;
77, 360.0000000;
78, 400.0000000;
79, 800.0000000;
80, 1200.0000000;
81, 1600.0000000;
82, 2000.0000000;
83, 2400.0000000;
84, 2800.0000000;
85, 3200.0000000;
86, 3600.0000000;
87, 4000.0000000;
88, 8000.0000000;
89, 12000.0000000;
90, 16000.0000000;
91, 20000.0000000;
92, 24000.0000000;
93, 28000.0000000;
94, 32000.0000000;
95, 36000.0000000;
96, 40000.0000000;
97, 80000.0000000;
98, 120000.0000000;
99, 160000.0000000;
100, 200000.0000000;
101, 240000.0000000;
102, 280000.0000000;
103, 320000.0000000;
104, 360000.0000000;
105, 400000.0000000;
106, 800000.0000000;
107, 1200000.0000000;
108, 1600000.0000000;
109, 2000000.0000000;
110, 2400000.0000000;
111, 2800000.0000000;
112, 3200000.0000000;
113, 3600000.0000000;
114, 4000000.0000000;
115, 8000000.0000000;
116, 12000000.0000000;
117, 16000000.0000000;
118, 20000000.0000000;
119, 24000000.0000000;
120, 28000000.0000000;
121, 32000000.0000000;
122, 36000000.0000000;
123, 40000000.0000000;
124, 80000000.0000000;
125, 120000000.0000000;
126, 160000000.0000000;
127, 200000000.0000000;