0, 0.;
1, 0.;
2, 0.;
3, 0.;
4, 0.;
5, 0.;
6, 0.;
7, 0.;
8, 0.;
9, 0.;
10, 0.;
11, 0.;
12, 0.;
13, 0.;
14, 0.;
15, 0.;
16, 0.;
17, 0.;
18, 0.;
19, 0.;
20, 0.;
21, 0.;
22, 0.;
23, 0.;
24, 0.;
25, 0.;
26, 0.;
27, 0.;
28, 0.;
29, 0.;
30, 0.;
31, 0.;
32, 0.;
33, 0.;
34, 0.;
35, 0.;
36, 0.;
37, 0.;
38, 0.;
39, 0.;
40, 0.000001;
41, 0.000002;
42, 0.000003;
43, 0.000006;
44, 0.000013;
45, 0.000026;
46, 0.000052;
47, 0.000104;
48, 0.000207;
49, 0.000415;
50, 0.00083;
51, 0.001659;
52, 0.003319;
53, 0.006638;
54, 0.013275;
55, 0.02655;
56, 0.053101;
57, 0.106201;
58, 0.212402;
59, 0.424805;
60, 0.849609;
61, 1.699219;
62, 3.398438;
63, 6.796875;
64, 13.59375;
65, 27.1875;
66, 54.375;
67, 108.75;
68, 217.5;
69, 435.;
70, 870.;
71, 1740.;
72, 3480.;
73, 6960.;
74, 13920.;
75, 27840.;
76, 55680.;
77, 111360.;
78, 222720.;
79, 445440.;
80, 890880.;
81, 1781760.;
82, 3563520.;
83, 7127040.;
84, 14254080.;
85, 28508160.;
86, 57016320.;
87, 114032640.;
88, 228065280.;
89, 456130560.;
90, 912261120.;
91, 1824522240.;
92, 3649044480.;
93, 7298088960.;
94, 14596177920.;
95, 29192355840.;
96, 58384711680.;
97, 116769423360.;
98, 233538846720.;
99, 467077693440.;
100, 934155386880.;
101, 1868310773760.;
102, 3736621547520.;
103, 7473243095040.;
104, 14946486190080.;
105, 29892972380160.;
106, 59785944760320.;
107, 119571889520640.;
108, 239143779041280.;
109, 478287558082560.;
110, 956575116165120.;
111, 1913150232330240.;
112, 3826300464660480.;
113, 7652600929320960.;
114, 15305201858641920.;
115, 30610403717283840.;
116, 61220807434567680.;
117, 122441614869135360.;
118, 244883229738270720.;
119, 489766459476541440.;
120, 979532918953082880.;
121, 1959065837906165760.;
122, 3918131675812331520.;
123, 7836263351624663040.;
124, 15672526703249326080.;
125, 31345053406498652160.;
126, 62690106812997304320.;
127, 125380213625994608640.;
